0 0.303516 0.193056 0.213281 0.180556
0 0.548047 0.222222 0.216406 0.188889
0 0.816406 0.179861 0.204688 0.195833
0 0.416016 0.500000 0.219531 0.222222
0 0.703516 0.470833 0.224219 0.202778
1 0.317187 0.190972 0.079687 0.137500
1 0.555469 0.223611 0.078125 0.136111
1 0.773438 0.178472 0.078125 0.140278
1 0.750781 0.467361 0.079687 0.145833
1 0.408594 0.497917 0.089062 0.145833
2 0.260938 0.211111 0.045313 0.055556
2 0.474609 0.268056 0.046094 0.055556
2 0.867188 0.159028 0.042188 0.048611
2 0.639844 0.494444 0.042188 0.052778
2 0.487891 0.473611 0.042969 0.052778
