2 0.260156 0.210417 0.042188 0.045833
2 0.664063 0.197222 0.048437 0.050000
2 0.458984 0.528472 0.047656 0.059722
2 0.605078 0.506944 0.044531 0.058333
2 0.860156 0.495833 0.048437 0.052778
0 0.304688 0.192361 0.217187 0.184722
0 0.610547 0.220139 0.239844 0.187500
0 0.395703 0.568750 0.238281 0.204167
0 0.668359 0.482639 0.224219 0.226389
0 0.904297 0.437500 0.191406 0.202778
1 0.317187 0.188889 0.081250 0.133333
1 0.572266 0.228472 0.083594 0.140278
1 0.715625 0.481944 0.081250 0.147222
1 0.386719 0.573611 0.092188 0.147222
1 0.933594 0.431944 0.087500 0.144444
