1 0.360156 0.395139 0.093750 0.140278
1 0.593750 0.592361 0.112500 0.159722
1 0.685547 0.395139 0.091406 0.159722
1 0.576172 0.167361 0.086719 0.143056
1 0.360547 0.154167 0.080469 0.138889
0 0.345703 0.154167 0.214844 0.183333
0 0.616797 0.160417 0.225781 0.209722
0 0.363672 0.391667 0.241406 0.227778
0 0.678516 0.386111 0.238281 0.236111
0 0.550391 0.568750 0.269531 0.306944
2 0.300391 0.168056 0.046094 0.055556
2 0.423438 0.340278 0.051562 0.058333
2 0.592578 0.420139 0.050781 0.070833
2 0.664453 0.129861 0.047656 0.056944
2 0.482812 0.559028 0.057813 0.070833
