2 0.426562 0.345139 0.051562 0.059722
2 0.301953 0.173611 0.042969 0.055556
2 0.666406 0.134028 0.046875 0.056944
2 0.648828 0.652083 0.047656 0.062500
2 0.408594 0.665278 0.043750 0.061111
0 0.342187 0.156250 0.225000 0.190278
0 0.619922 0.161111 0.213281 0.200000
0 0.366406 0.393750 0.226563 0.231944
0 0.465625 0.626389 0.231250 0.205556
0 0.714453 0.585417 0.227344 0.229167
1 0.360156 0.152083 0.078125 0.131944
1 0.573438 0.164583 0.081250 0.129167
1 0.358984 0.391667 0.094531 0.136111
1 0.514453 0.618056 0.091406 0.136111
1 0.724609 0.588194 0.089844 0.143056
