0 0.444141 0.162500 0.249219 0.275000
0 0.666797 0.296528 0.230469 0.212500
0 0.366406 0.427778 0.257813 0.266667
0 0.467578 0.627778 0.238281 0.213889
0 0.732422 0.582639 0.232031 0.301389
1 0.464063 0.168750 0.096875 0.162500
1 0.622656 0.302778 0.082813 0.136111
1 0.759375 0.580556 0.120312 0.152778
1 0.516406 0.620139 0.093750 0.143056
1 0.363672 0.431250 0.107031 0.137500
2 0.406250 0.668056 0.043750 0.052778
2 0.713281 0.273611 0.045313 0.050000
2 0.402344 0.150000 0.050000 0.055556
2 0.419141 0.359722 0.053906 0.061111
