0 0.725000 0.558333 0.159375 0.275000
0 0.701953 0.238194 0.260156 0.293056
0 0.470703 0.145139 0.249219 0.237500
0 0.367188 0.425694 0.257813 0.270833
0 0.473437 0.628472 0.232812 0.193056
1 0.485547 0.143056 0.100781 0.138889
1 0.675391 0.263889 0.124219 0.141667
1 0.363672 0.430556 0.107031 0.155556
1 0.515234 0.617361 0.088281 0.143056
1 0.728906 0.551389 0.115625 0.100000
2 0.407422 0.665972 0.046094 0.056944
2 0.771875 0.650694 0.042188 0.054167
2 0.417969 0.362500 0.051562 0.058333
2 0.735937 0.177778 0.051562 0.058333
2 0.430078 0.176389 0.049219 0.061111
