0 0.726953 0.560417 0.161719 0.276389
0 0.680859 0.236806 0.157031 0.279167
0 0.468750 0.145139 0.248437 0.237500
0 0.288672 0.401389 0.233594 0.222222
0 0.485156 0.537500 0.246875 0.338889
1 0.282813 0.401389 0.092188 0.144444
1 0.514063 0.486111 0.132813 0.150000
1 0.728125 0.550000 0.114063 0.100000
1 0.683594 0.285417 0.110937 0.101389
1 0.485156 0.140278 0.095312 0.144444
2 0.667188 0.168750 0.042188 0.051389
2 0.432422 0.177778 0.047656 0.050000
2 0.471875 0.617361 0.056250 0.073611
2 0.773828 0.651389 0.042969 0.050000
2 0.347266 0.348611 0.044531 0.052778
