0 0.286328 0.368750 0.155469 0.276389
0 0.491797 0.183333 0.164844 0.272222
0 0.678516 0.233333 0.155469 0.272222
0 0.504687 0.531250 0.164063 0.284722
0 0.710547 0.562500 0.227344 0.330556
1 0.277734 0.363194 0.111719 0.098611
1 0.491797 0.201389 0.113281 0.088889
1 0.682813 0.284028 0.110937 0.101389
1 0.708984 0.554861 0.130469 0.131944
1 0.498437 0.474306 0.120312 0.101389
2 0.299219 0.452083 0.043750 0.051389
2 0.535547 0.606944 0.046094 0.055556
2 0.782031 0.618750 0.051562 0.065278
2 0.667969 0.170833 0.040625 0.047222
2 0.469141 0.129167 0.046094 0.050000
