0 0.264453 0.218750 0.207031 0.181944
0 0.484766 0.252083 0.224219 0.209722
0 0.731641 0.204167 0.216406 0.202778
0 0.491406 0.535417 0.220313 0.201389
0 0.732422 0.609722 0.263281 0.286111
1 0.257813 0.222917 0.078125 0.137500
1 0.468359 0.247222 0.080469 0.144444
1 0.684766 0.203472 0.074219 0.137500
1 0.539063 0.531250 0.082813 0.140278
1 0.736719 0.611806 0.110937 0.162500
2 0.329297 0.189583 0.038281 0.051389
2 0.529297 0.230556 0.039844 0.055556
2 0.778516 0.187500 0.044531 0.058333
2 0.429688 0.565972 0.042188 0.051389
2 0.644531 0.628472 0.045313 0.065278
