2 0.366406 0.182639 0.051562 0.059722
2 0.541016 0.200000 0.044531 0.058333
2 0.724219 0.421528 0.040625 0.056944
2 0.411719 0.509028 0.043750 0.054167
2 0.612500 0.658333 0.042188 0.052778
1 0.341406 0.271528 0.128125 0.143056
1 0.530859 0.278472 0.125781 0.131944
1 0.713281 0.303472 0.109375 0.118056
1 0.693359 0.601389 0.078906 0.141667
1 0.447266 0.647222 0.116406 0.100000
0 0.339453 0.266667 0.250781 0.319444
0 0.545313 0.260417 0.195313 0.306944
0 0.712891 0.355556 0.163281 0.288889
0 0.444141 0.587500 0.166406 0.272222
0 0.687500 0.601389 0.226563 0.191667
