0 0.316406 0.289583 0.156250 0.273611
0 0.567578 0.272917 0.266406 0.281944
0 0.740234 0.434028 0.236719 0.229167
0 0.442578 0.588889 0.160156 0.277778
0 0.645312 0.662500 0.256250 0.305556
1 0.319531 0.293750 0.107813 0.084722
1 0.554297 0.281250 0.116406 0.145833
1 0.780469 0.422917 0.093750 0.143056
1 0.448438 0.644444 0.118750 0.091667
1 0.647266 0.668750 0.121094 0.156944
2 0.294141 0.211111 0.042969 0.055556
2 0.594531 0.222222 0.053125 0.063889
2 0.412109 0.510417 0.042969 0.051389
2 0.693750 0.471528 0.046875 0.059722
2 0.557031 0.638889 0.051562 0.063889
