0 0.392578 0.161806 0.150781 0.254167
0 0.383203 0.442361 0.219531 0.187500
0 0.617188 0.220833 0.167187 0.275000
0 0.785937 0.356944 0.182812 0.297222
0 0.626953 0.550694 0.225781 0.312500
1 0.394922 0.161806 0.111719 0.081944
1 0.616406 0.237500 0.117188 0.100000
1 0.772656 0.311806 0.117188 0.106944
1 0.339844 0.449306 0.087500 0.134722
1 0.632031 0.564583 0.131250 0.143056
2 0.369922 0.077778 0.039844 0.050000
2 0.593750 0.170139 0.045313 0.056944
2 0.808594 0.420139 0.045313 0.056944
2 0.556250 0.501389 0.046875 0.061111
2 0.445703 0.405556 0.041406 0.052778
