0 0.424609 0.189583 0.172656 0.268056
0 0.609375 0.186111 0.159375 0.277778
0 0.780469 0.365972 0.189063 0.279167
0 0.417188 0.517361 0.164063 0.276389
0 0.644531 0.579861 0.184375 0.281944
1 0.427344 0.192361 0.110937 0.104167
1 0.610547 0.197917 0.110156 0.101389
1 0.770703 0.309722 0.114844 0.102778
1 0.407813 0.457639 0.109375 0.106944
1 0.639844 0.592361 0.118750 0.106944
2 0.410547 0.095833 0.041406 0.055556
2 0.594922 0.125694 0.042969 0.056944
2 0.446094 0.590278 0.043750 0.052778
2 0.586328 0.495833 0.044531 0.058333
2 0.807422 0.421528 0.044531 0.056944
