0 0.391406 0.479167 0.264062 0.300000
0 0.478125 0.255556 0.245312 0.308333
0 0.693359 0.276389 0.239844 0.333333
0 0.637500 0.546528 0.257813 0.312500
0 0.862109 0.485417 0.263281 0.293056
1 0.481250 0.253472 0.128125 0.151389
1 0.701953 0.281944 0.128906 0.158333
1 0.824219 0.460417 0.101563 0.173611
1 0.644531 0.554167 0.123438 0.163889
1 0.352734 0.453472 0.108594 0.154167
2 0.412109 0.219444 0.052344 0.072222
2 0.653516 0.242361 0.049219 0.062500
2 0.907812 0.504861 0.048437 0.068056
2 0.551953 0.530556 0.055469 0.066667
2 0.460156 0.490972 0.054688 0.068056
