0 0.426953 0.232639 0.219531 0.201389
0 0.699219 0.207639 0.257813 0.298611
0 0.359375 0.486806 0.220313 0.193056
0 0.617969 0.459028 0.251563 0.331944
0 0.810938 0.551389 0.221875 0.327778
1 0.432422 0.227083 0.082031 0.137500
1 0.712109 0.210417 0.114844 0.159722
1 0.791016 0.599306 0.125781 0.134722
1 0.625391 0.459722 0.132031 0.155556
1 0.315234 0.493056 0.088281 0.138889
2 0.360547 0.254167 0.044531 0.055556
2 0.653516 0.188194 0.052344 0.065278
2 0.819531 0.486806 0.053125 0.068056
2 0.605078 0.571528 0.055469 0.068056
2 0.420312 0.450694 0.045313 0.054167
