0 0.270312 0.395833 0.246875 0.283333
0 0.504687 0.398611 0.256250 0.327778
0 0.709375 0.542361 0.259375 0.318056
0 0.484766 0.660417 0.260156 0.276389
0 0.230469 0.631250 0.228125 0.229167
1 0.263672 0.402083 0.111719 0.154167
1 0.512109 0.419444 0.125781 0.158333
1 0.670703 0.515278 0.110156 0.161111
1 0.484766 0.665278 0.108594 0.163889
1 0.269531 0.622222 0.093750 0.147222
2 0.316406 0.329167 0.051562 0.066667
2 0.458984 0.379167 0.055469 0.069444
2 0.756641 0.562500 0.047656 0.069444
2 0.394922 0.674306 0.057031 0.065278
2 0.173828 0.675694 0.044531 0.059722
