0 0.269922 0.397222 0.250781 0.263889
0 0.231641 0.640278 0.221094 0.211111
0 0.485938 0.658333 0.257813 0.291667
0 0.557813 0.365972 0.167187 0.281944
0 0.755078 0.535417 0.182031 0.298611
1 0.265625 0.401389 0.112500 0.155556
1 0.559766 0.389583 0.108594 0.104167
1 0.270312 0.620833 0.096875 0.144444
1 0.487500 0.662500 0.110937 0.150000
2 0.315625 0.327778 0.051562 0.066667
2 0.542578 0.312500 0.044531 0.058333
2 0.748047 0.471528 0.042969 0.054167
2 0.394922 0.663194 0.055469 0.065278
2 0.172266 0.676389 0.044531 0.055556
1 0.756641 0.593056 0.114844 0.111111
