0 0.362109 0.294444 0.150781 0.266667
0 0.541406 0.288194 0.168750 0.281944
0 0.704297 0.435417 0.157031 0.273611
0 0.307031 0.622222 0.164063 0.286111
0 0.534766 0.612500 0.182031 0.286111
1 0.363281 0.300000 0.107813 0.094444
1 0.538281 0.308333 0.112500 0.105556
1 0.307813 0.565278 0.107813 0.094444
1 0.531250 0.618056 0.117188 0.102778
1 0.710156 0.488889 0.110937 0.097222
2 0.341406 0.211111 0.035937 0.047222
2 0.529688 0.230556 0.045313 0.058333
2 0.689453 0.368750 0.041406 0.056944
2 0.330469 0.705556 0.042188 0.055556
2 0.480078 0.522917 0.042969 0.059722
