0 0.282422 0.261111 0.214844 0.191667
0 0.511328 0.194444 0.217969 0.191667
0 0.751953 0.203472 0.222656 0.201389
0 0.282422 0.502778 0.219531 0.194444
0 0.549609 0.454167 0.233594 0.230556
1 0.283984 0.259028 0.075781 0.140278
1 0.528516 0.194444 0.080469 0.138889
1 0.709375 0.204167 0.073437 0.138889
1 0.544141 0.449306 0.097656 0.145833
1 0.324219 0.495833 0.084375 0.138889
2 0.215234 0.291667 0.042969 0.055556
2 0.468359 0.217361 0.039844 0.054167
2 0.803906 0.188194 0.042188 0.054167
2 0.634766 0.413889 0.047656 0.061111
2 0.219922 0.542361 0.038281 0.054167
