0 0.344922 0.297222 0.252344 0.261111
0 0.546875 0.202083 0.259375 0.309722
0 0.721094 0.431944 0.234375 0.316667
0 0.530469 0.516667 0.229687 0.313889
0 0.290625 0.592361 0.250000 0.323611
1 0.349219 0.291667 0.100000 0.150000
1 0.554688 0.216667 0.123438 0.155556
1 0.696875 0.381250 0.121875 0.137500
1 0.527734 0.504167 0.130469 0.147222
1 0.316797 0.547222 0.122656 0.152778
2 0.271094 0.290278 0.043750 0.061111
2 0.504687 0.182639 0.051562 0.065278
2 0.269531 0.673611 0.051562 0.069444
2 0.601563 0.575000 0.048437 0.069444
2 0.760938 0.471528 0.050000 0.070833
