0 0.520703 0.196528 0.155469 0.262500
0 0.747656 0.379167 0.242188 0.222222
0 0.755078 0.616667 0.239844 0.227778
0 0.521875 0.518750 0.170312 0.293056
0 0.317969 0.417361 0.193750 0.293056
1 0.524609 0.199306 0.110156 0.090278
1 0.330078 0.469444 0.121094 0.116667
1 0.522656 0.511806 0.115625 0.106944
1 0.766016 0.376389 0.092969 0.150000
1 0.712891 0.628472 0.094531 0.145833
2 0.499609 0.112500 0.038281 0.052778
2 0.275391 0.347917 0.047656 0.056944
2 0.558594 0.617361 0.042188 0.056944
2 0.710938 0.408333 0.045313 0.058333
2 0.802344 0.581944 0.045313 0.061111
