0 0.551953 0.212500 0.219531 0.186111
0 0.316016 0.420139 0.189844 0.304167
0 0.526172 0.476389 0.247656 0.244444
0 0.745703 0.373611 0.241406 0.238889
0 0.753906 0.619444 0.239063 0.233333
1 0.548828 0.212500 0.077344 0.136111
1 0.766406 0.374306 0.085938 0.148611
1 0.716016 0.629861 0.094531 0.151389
1 0.534375 0.478472 0.100000 0.148611
1 0.329688 0.468056 0.125000 0.127778
2 0.274609 0.348611 0.044531 0.061111
2 0.464453 0.550000 0.047656 0.063889
2 0.712109 0.407639 0.046094 0.059722
2 0.802344 0.582639 0.048437 0.068056
2 0.622266 0.184028 0.041406 0.048611
