0 0.307422 0.240278 0.219531 0.197222
0 0.553125 0.213194 0.223438 0.195833
0 0.748047 0.381250 0.236719 0.240278
0 0.529297 0.468750 0.233594 0.226389
0 0.757031 0.622917 0.239063 0.229167
1 0.346484 0.229861 0.086719 0.140278
1 0.548828 0.213194 0.080469 0.137500
1 0.765234 0.372222 0.089844 0.147222
1 0.538672 0.472222 0.089844 0.150000
1 0.715234 0.629861 0.092969 0.145833
2 0.241797 0.271528 0.041406 0.054167
2 0.622656 0.184722 0.039063 0.052778
2 0.710156 0.409028 0.045313 0.059722
2 0.461719 0.538889 0.043750 0.061111
2 0.801953 0.581944 0.046094 0.058333
