0 0.576953 0.213194 0.219531 0.187500
0 0.828906 0.292361 0.210938 0.206944
0 0.578516 0.440278 0.238281 0.225000
0 0.355859 0.595139 0.221094 0.215278
0 0.597266 0.703472 0.238281 0.209722
1 0.571094 0.216667 0.078125 0.141667
1 0.873438 0.293056 0.075000 0.147222
1 0.596875 0.433333 0.089062 0.138889
1 0.359375 0.598611 0.079687 0.150000
1 0.556250 0.704167 0.081250 0.147222
2 0.643359 0.183333 0.042969 0.052778
2 0.765234 0.322917 0.041406 0.054167
2 0.541016 0.468056 0.044531 0.055556
2 0.654297 0.689583 0.041406 0.059722
2 0.276563 0.640972 0.045313 0.059722
