0 0.317578 0.375000 0.253906 0.311111
0 0.572656 0.231250 0.239063 0.243056
0 0.821094 0.323611 0.251563 0.297222
0 0.582031 0.461806 0.260938 0.270833
0 0.494922 0.650694 0.260156 0.287500
1 0.318750 0.385417 0.126563 0.156944
1 0.603516 0.463889 0.103906 0.152778
1 0.569141 0.234028 0.094531 0.148611
1 0.864062 0.347222 0.109375 0.158333
1 0.456641 0.629861 0.108594 0.151389
2 0.232422 0.348611 0.053906 0.066667
2 0.645703 0.229167 0.042969 0.063889
2 0.753906 0.313194 0.054688 0.070833
2 0.541406 0.459028 0.048437 0.068056
2 0.549609 0.664583 0.052344 0.070833
