0 0.331641 0.180556 0.211719 0.186111
0 0.641797 0.168056 0.217969 0.188889
0 0.903906 0.164583 0.192188 0.187500
0 0.555469 0.643056 0.225000 0.200000
0 0.879687 0.650000 0.218750 0.191667
1 0.337500 0.186111 0.075000 0.133333
1 0.637500 0.167361 0.076563 0.131944
1 0.960156 0.161111 0.079687 0.136111
1 0.899219 0.650000 0.075000 0.138889
1 0.508203 0.648611 0.082031 0.138889
2 0.255859 0.234722 0.039844 0.047222
2 0.709766 0.136806 0.038281 0.048611
2 0.851953 0.197222 0.041406 0.052778
2 0.838672 0.670833 0.041406 0.050000
2 0.604688 0.615972 0.043750 0.051389
