0 0.318359 0.133333 0.210156 0.180556
0 0.612500 0.127778 0.212500 0.186111
0 0.906250 0.138194 0.187500 0.184722
0 0.740625 0.613889 0.228125 0.200000
0 0.328516 0.681944 0.221094 0.200000
1 0.322266 0.135417 0.078906 0.137500
1 0.610547 0.131250 0.075781 0.134722
1 0.962109 0.134722 0.075781 0.136111
1 0.758203 0.611806 0.080469 0.143056
1 0.283594 0.693750 0.081250 0.137500
2 0.245312 0.184028 0.040625 0.045833
2 0.682422 0.102083 0.042969 0.051389
2 0.855469 0.170833 0.042188 0.050000
2 0.700000 0.640278 0.043750 0.055556
2 0.376172 0.664583 0.044531 0.054167
