0 0.335156 0.368750 0.156250 0.279167
0 0.613672 0.177778 0.157031 0.258333
0 0.931641 0.184028 0.136719 0.268056
0 0.937891 0.616667 0.124219 0.277778
0 0.619141 0.556250 0.153906 0.279167
1 0.609375 0.170139 0.109375 0.093056
1 0.945703 0.235417 0.108594 0.095833
1 0.333984 0.371528 0.110156 0.093056
1 0.613672 0.495139 0.111719 0.093056
1 0.948828 0.638194 0.102344 0.098611
2 0.636719 0.256250 0.040625 0.051389
2 0.296484 0.270833 0.041406 0.052778
2 0.635547 0.615972 0.041406 0.056944
2 0.936719 0.560417 0.037500 0.051389
2 0.914453 0.104861 0.038281 0.048611
