0 0.262109 0.368750 0.153906 0.268056
0 0.552344 0.209722 0.150000 0.261111
0 0.845703 0.198611 0.149219 0.272222
0 0.539453 0.589583 0.167969 0.281944
0 0.823828 0.607639 0.157031 0.273611
1 0.549219 0.199306 0.109375 0.093056
1 0.849609 0.249306 0.108594 0.093056
1 0.533203 0.536111 0.113281 0.097222
1 0.824219 0.629167 0.110937 0.097222
1 0.260547 0.374306 0.111719 0.093056
2 0.222656 0.272917 0.043750 0.048611
2 0.575391 0.290972 0.042969 0.054167
2 0.820703 0.114583 0.039844 0.054167
2 0.557813 0.651389 0.045313 0.055556
2 0.810156 0.556250 0.037500 0.054167
