0 0.248828 0.438194 0.222656 0.301389
0 0.535937 0.222222 0.225000 0.319444
0 0.832031 0.209722 0.212500 0.313889
0 0.519922 0.623611 0.244531 0.325000
0 0.807813 0.636806 0.240625 0.326389
1 0.527734 0.217361 0.127344 0.120833
1 0.851172 0.258333 0.121094 0.133333
1 0.242578 0.444444 0.119531 0.127778
1 0.499219 0.575000 0.129688 0.133333
1 0.812891 0.656250 0.133594 0.137500
2 0.584375 0.285417 0.050000 0.068056
2 0.783594 0.143056 0.045313 0.055556
2 0.177344 0.373611 0.050000 0.063889
2 0.560547 0.661111 0.052344 0.066667
2 0.771484 0.597917 0.049219 0.070833
