0 0.239063 0.415972 0.237500 0.320833
0 0.549219 0.204861 0.237500 0.326389
0 0.826563 0.227083 0.248437 0.315278
0 0.490234 0.593056 0.239844 0.330556
0 0.780859 0.611111 0.217969 0.325000
1 0.551172 0.200000 0.132031 0.141667
1 0.805078 0.277778 0.128906 0.158333
1 0.235547 0.420139 0.128906 0.154167
1 0.510938 0.538194 0.123438 0.140278
1 0.780469 0.630556 0.137500 0.133333
2 0.529688 0.288889 0.056250 0.066667
2 0.851172 0.151389 0.050781 0.069444
2 0.483594 0.657639 0.056250 0.062500
2 0.785156 0.556250 0.048437 0.070833
2 0.244531 0.303472 0.056250 0.062500
