0 0.258594 0.417361 0.162500 0.270833
0 0.544922 0.210417 0.158594 0.265278
0 0.821484 0.210417 0.149219 0.279167
0 0.527734 0.616667 0.152344 0.277778
0 0.815234 0.608333 0.149219 0.286111
1 0.538672 0.200694 0.110156 0.093056
1 0.821875 0.260417 0.109375 0.093056
1 0.814453 0.629861 0.110156 0.106944
1 0.253516 0.425000 0.111719 0.097222
1 0.523438 0.560417 0.112500 0.101389
2 0.565234 0.287500 0.041406 0.050000
2 0.796875 0.126389 0.037500 0.052778
2 0.222266 0.323611 0.041406 0.055556
2 0.545703 0.682639 0.041406 0.056944
2 0.803125 0.554861 0.040625 0.054167
