0 0.475781 0.184028 0.153125 0.259722
0 0.644531 0.422222 0.157813 0.275000
0 0.815625 0.215278 0.156250 0.263889
0 0.818359 0.620139 0.160156 0.273611
0 0.446484 0.647917 0.169531 0.270833
1 0.471484 0.174306 0.111719 0.090278
1 0.642578 0.425694 0.110156 0.098611
1 0.820703 0.265278 0.111719 0.088889
1 0.437891 0.591667 0.111719 0.094444
2 0.496094 0.263194 0.042188 0.054167
2 0.600781 0.323611 0.040625 0.052778
2 0.785937 0.136111 0.040625 0.047222
2 0.464844 0.709028 0.045313 0.056944
2 0.800000 0.563194 0.042188 0.051389
1 0.818359 0.638194 0.108594 0.093056
