0 0.318750 0.244444 0.215625 0.188889
0 0.791406 0.188889 0.220313 0.183333
0 0.567187 0.432639 0.218750 0.195833
0 0.849609 0.615278 0.228906 0.200000
0 0.346875 0.643750 0.229687 0.206944
1 0.312891 0.245139 0.074219 0.129167
1 0.574609 0.436806 0.075781 0.140278
1 0.837109 0.181944 0.083594 0.138889
1 0.301172 0.654861 0.085156 0.140278
1 0.867578 0.611806 0.077344 0.143056
2 0.730078 0.221528 0.041406 0.048611
2 0.382813 0.213889 0.042188 0.050000
2 0.492578 0.486111 0.042969 0.055556
2 0.391016 0.620833 0.042969 0.055556
2 0.808594 0.636111 0.043750 0.052778
