0 0.319141 0.194444 0.214844 0.191667
0 0.573047 0.418750 0.216406 0.187500
0 0.840234 0.190972 0.214844 0.190278
0 0.845703 0.629861 0.232031 0.229167
0 0.298047 0.645833 0.214844 0.191667
1 0.314844 0.195139 0.078125 0.134722
1 0.578906 0.420833 0.076563 0.141667
1 0.884375 0.186111 0.079687 0.141667
1 0.864844 0.632639 0.082813 0.145833
1 0.249609 0.647222 0.075781 0.136111
2 0.387500 0.167361 0.042188 0.048611
2 0.778516 0.224306 0.041406 0.054167
2 0.496484 0.471528 0.038281 0.051389
2 0.802344 0.641667 0.039063 0.058333
2 0.344141 0.627778 0.039844 0.055556
