0 0.349219 0.272917 0.232812 0.312500
0 0.575000 0.171528 0.242188 0.251389
0 0.817187 0.268750 0.245312 0.326389
0 0.741406 0.578472 0.264062 0.306944
0 0.388672 0.570139 0.267969 0.304167
1 0.352344 0.280556 0.128125 0.138889
1 0.570313 0.160417 0.085938 0.145833
1 0.845703 0.311806 0.128906 0.165278
1 0.730078 0.590972 0.122656 0.151389
1 0.351953 0.542361 0.113281 0.162500
2 0.364062 0.185417 0.048437 0.062500
2 0.656250 0.138194 0.046875 0.062500
2 0.755469 0.224306 0.050000 0.062500
2 0.763281 0.522222 0.053125 0.069444
2 0.441406 0.584028 0.056250 0.068056
