0 0.633594 0.200000 0.245312 0.269444
0 0.854297 0.323611 0.252344 0.275000
0 0.728516 0.511111 0.263281 0.283333
0 0.465234 0.347222 0.247656 0.255556
0 0.504297 0.640972 0.257031 0.251389
1 0.639063 0.199306 0.103125 0.154167
1 0.895703 0.339583 0.102344 0.156944
1 0.457031 0.349306 0.103125 0.156944
1 0.716797 0.502778 0.113281 0.163889
1 0.463281 0.634722 0.095312 0.155556
2 0.549609 0.210417 0.047656 0.056944
2 0.784375 0.322917 0.048437 0.062500
2 0.539844 0.347917 0.053125 0.065278
2 0.779688 0.515972 0.051562 0.065278
2 0.560547 0.638194 0.046094 0.059722
