0 0.387109 0.382639 0.255469 0.318056
0 0.564844 0.180556 0.242188 0.319444
0 0.505859 0.642361 0.247656 0.248611
0 0.734766 0.511806 0.252344 0.290278
0 0.793750 0.219444 0.245312 0.300000
1 0.566797 0.177083 0.121094 0.151389
1 0.389062 0.395833 0.129688 0.152778
1 0.465625 0.634722 0.087500 0.158333
1 0.717578 0.502778 0.114844 0.169444
2 0.419922 0.302778 0.053906 0.066667
2 0.550000 0.282639 0.053125 0.062500
2 0.776563 0.297222 0.054688 0.069444
2 0.779688 0.513889 0.053125 0.066667
2 0.560156 0.637500 0.045313 0.061111
