0 0.560156 0.181250 0.251563 0.315278
0 0.797266 0.216667 0.246094 0.313889
0 0.782031 0.549306 0.240625 0.326389
0 0.522266 0.547222 0.252344 0.325000
0 0.383984 0.388194 0.255469 0.323611
1 0.567187 0.175694 0.128125 0.145833
1 0.825000 0.175694 0.117188 0.145833
1 0.776172 0.565972 0.125781 0.159722
1 0.502344 0.590278 0.128125 0.144444
1 0.388672 0.393056 0.122656 0.155556
2 0.549609 0.284028 0.057031 0.070833
2 0.775391 0.295139 0.052344 0.068056
2 0.794531 0.491667 0.053125 0.066667
2 0.543359 0.479861 0.052344 0.068056
2 0.419141 0.303472 0.053906 0.065278
