0 0.330859 0.240972 0.219531 0.193056
0 0.593359 0.157639 0.217969 0.201389
0 0.837109 0.293056 0.224219 0.188889
0 0.453906 0.531944 0.218750 0.188889
0 0.740234 0.536111 0.217969 0.188889
1 0.321094 0.240972 0.081250 0.134722
1 0.599609 0.154861 0.075781 0.137500
1 0.881250 0.284028 0.085938 0.140278
1 0.759375 0.538194 0.073437 0.140278
1 0.405859 0.538889 0.075781 0.136111
2 0.391797 0.203472 0.041406 0.054167
2 0.517969 0.198611 0.042188 0.050000
2 0.775781 0.326389 0.043750 0.052778
2 0.699609 0.556944 0.039844 0.052778
2 0.503516 0.516667 0.042969 0.052778
