0 0.302344 0.190278 0.218750 0.188889
0 0.550000 0.219444 0.218750 0.191667
0 0.816016 0.176389 0.219531 0.200000
0 0.418359 0.490278 0.225781 0.216667
0 0.703516 0.466667 0.225781 0.202778
1 0.319141 0.190278 0.075781 0.130556
1 0.554688 0.222917 0.076563 0.134722
1 0.774219 0.177778 0.073437 0.133333
1 0.410937 0.493056 0.084375 0.144444
1 0.750781 0.465972 0.078125 0.134722
2 0.260938 0.210417 0.037500 0.048611
2 0.473828 0.270833 0.041406 0.050000
2 0.487109 0.474306 0.041406 0.051389
2 0.639844 0.498611 0.040625 0.050000
2 0.866797 0.160417 0.041406 0.048611
