0 0.243359 0.212500 0.217969 0.202778
0 0.491406 0.194444 0.214062 0.191667
0 0.730078 0.235417 0.244531 0.270833
0 0.298828 0.471528 0.216406 0.193056
0 0.566406 0.438889 0.218750 0.197222
1 0.257422 0.210417 0.080469 0.134722
1 0.447266 0.197917 0.077344 0.131944
1 0.738672 0.238194 0.100781 0.165278
1 0.291797 0.475694 0.072656 0.140278
1 0.611328 0.436111 0.078906 0.136111
2 0.202734 0.235417 0.039844 0.054167
2 0.539453 0.170833 0.042969 0.050000
2 0.645703 0.250000 0.049219 0.063889
2 0.500781 0.470139 0.040625 0.051389
2 0.363672 0.446528 0.039844 0.051389
