0 0.346484 0.153472 0.213281 0.187500
0 0.618750 0.156944 0.226563 0.191667
0 0.366797 0.394444 0.241406 0.233333
0 0.679297 0.388889 0.241406 0.247222
0 0.553516 0.565278 0.260156 0.302778
1 0.361719 0.154167 0.078125 0.133333
1 0.573438 0.165278 0.084375 0.127778
1 0.683984 0.390278 0.089844 0.150000
1 0.360156 0.393056 0.090625 0.144444
1 0.591016 0.590278 0.117969 0.166667
2 0.664453 0.129861 0.044531 0.051389
2 0.594531 0.420833 0.045313 0.055556
2 0.426562 0.344444 0.040625 0.058333
2 0.483203 0.556250 0.052344 0.065278
2 0.303125 0.171528 0.039063 0.048611
