0 0.283203 0.370139 0.163281 0.270833
0 0.491406 0.181944 0.167187 0.272222
0 0.678906 0.234028 0.151562 0.268056
0 0.505078 0.530556 0.166406 0.283333
0 0.707812 0.559722 0.234375 0.327778
1 0.280469 0.363194 0.109375 0.098611
1 0.490625 0.200000 0.115625 0.100000
1 0.684375 0.284028 0.112500 0.095833
1 0.497266 0.470833 0.117969 0.105556
1 0.710547 0.550694 0.132031 0.134722
2 0.469531 0.127083 0.042188 0.045833
2 0.667969 0.170139 0.043750 0.051389
2 0.298438 0.455556 0.042188 0.055556
2 0.535156 0.608333 0.043750 0.055556
2 0.782031 0.618750 0.051562 0.068056
