0 0.264062 0.219444 0.207813 0.191667
0 0.486328 0.250694 0.222656 0.204167
0 0.728516 0.202778 0.217969 0.200000
0 0.757813 0.455556 0.235938 0.230556
0 0.404297 0.475000 0.216406 0.191667
1 0.260547 0.223611 0.071094 0.133333
1 0.467969 0.247222 0.081250 0.141667
1 0.687109 0.203472 0.077344 0.134722
1 0.446875 0.468056 0.082813 0.141667
1 0.766016 0.456250 0.088281 0.143056
2 0.330469 0.188194 0.039063 0.048611
2 0.530469 0.231250 0.039063 0.054167
2 0.778906 0.186806 0.039063 0.051389
2 0.339063 0.506944 0.040625 0.050000
2 0.690625 0.522917 0.043750 0.056944
