0 0.463672 0.284028 0.163281 0.273611
0 0.664844 0.307639 0.156250 0.276389
0 0.844531 0.553472 0.178125 0.287500
0 0.424219 0.613194 0.159375 0.273611
0 0.635156 0.662500 0.178125 0.288889
1 0.467187 0.284722 0.112500 0.094444
1 0.664453 0.326389 0.111719 0.100000
1 0.836328 0.500000 0.114844 0.108333
1 0.417969 0.557639 0.115625 0.095833
1 0.632422 0.671528 0.122656 0.112500
2 0.448438 0.193056 0.042188 0.052778
2 0.651563 0.249306 0.039063 0.048611
2 0.867969 0.612500 0.042188 0.052778
2 0.581250 0.575694 0.043750 0.054167
2 0.451562 0.692361 0.042188 0.054167
