0 0.467187 0.337500 0.218750 0.191667
0 0.243750 0.427083 0.221875 0.195833
0 0.230469 0.636111 0.228125 0.205556
0 0.481641 0.617361 0.241406 0.226389
0 0.709375 0.414583 0.235938 0.237500
1 0.484766 0.336111 0.077344 0.141667
1 0.667188 0.426389 0.092188 0.144444
1 0.237500 0.434028 0.079687 0.145833
1 0.487109 0.617361 0.091406 0.145833
1 0.270312 0.617361 0.087500 0.145833
2 0.304688 0.388889 0.040625 0.052778
2 0.425391 0.357639 0.041406 0.051389
2 0.756641 0.384028 0.047656 0.062500
2 0.414453 0.683333 0.044531 0.058333
2 0.170703 0.675694 0.044531 0.059722
