0 0.359766 0.296528 0.152344 0.268056
0 0.539453 0.288194 0.169531 0.281944
0 0.710156 0.449306 0.173438 0.298611
0 0.310937 0.623611 0.156250 0.283333
0 0.534375 0.613889 0.178125 0.286111
1 0.362109 0.297917 0.107031 0.095833
1 0.538672 0.309028 0.114844 0.106944
1 0.306641 0.565972 0.107031 0.095833
1 0.532812 0.616667 0.118750 0.111111
1 0.708594 0.500694 0.115625 0.118056
2 0.340234 0.209722 0.039844 0.050000
2 0.528516 0.233333 0.044531 0.058333
2 0.708594 0.380556 0.043750 0.058333
2 0.479297 0.522222 0.041406 0.052778
2 0.330859 0.704861 0.039844 0.054167
