0 0.284766 0.220139 0.157031 0.265278
0 0.455078 0.218750 0.163281 0.270833
0 0.621094 0.241667 0.164063 0.263889
0 0.770312 0.238889 0.162500 0.263889
0 0.520703 0.522222 0.178906 0.286111
1 0.285156 0.272222 0.106250 0.091667
1 0.455859 0.225694 0.108594 0.101389
1 0.619922 0.259028 0.110156 0.095833
1 0.764844 0.178472 0.109375 0.090278
1 0.523438 0.511806 0.115625 0.106944
2 0.260547 0.138889 0.041406 0.050000
2 0.439063 0.131250 0.040625 0.048611
2 0.600000 0.185417 0.040625 0.048611
2 0.792188 0.293750 0.043750 0.051389
2 0.557813 0.618056 0.042188 0.052778
