0 0.305469 0.237500 0.217187 0.197222
0 0.555469 0.211806 0.223438 0.187500
0 0.581250 0.438889 0.243750 0.230556
0 0.353906 0.593056 0.226563 0.211111
0 0.600781 0.701389 0.229687 0.205556
1 0.347656 0.225694 0.084375 0.143056
1 0.549609 0.215972 0.075781 0.137500
1 0.597266 0.434722 0.092969 0.144444
1 0.359375 0.597917 0.079687 0.145833
1 0.558203 0.703472 0.077344 0.145833
2 0.242578 0.272222 0.038281 0.055556
2 0.621875 0.184028 0.040625 0.045833
2 0.278516 0.639583 0.042969 0.054167
2 0.541016 0.468056 0.046094 0.052778
2 0.653906 0.686111 0.042188 0.055556
