0 0.576953 0.214583 0.222656 0.187500
0 0.829297 0.295833 0.217969 0.202778
0 0.580078 0.461111 0.236719 0.233333
0 0.355469 0.593056 0.217187 0.208333
0 0.599219 0.700694 0.234375 0.209722
1 0.570703 0.214583 0.075781 0.134722
1 0.873438 0.292361 0.078125 0.134722
1 0.594531 0.466667 0.090625 0.152778
1 0.557813 0.704167 0.084375 0.144444
1 0.360938 0.597917 0.078125 0.140278
2 0.643359 0.183333 0.042969 0.050000
2 0.766016 0.322222 0.041406 0.050000
2 0.533984 0.473611 0.041406 0.055556
2 0.655078 0.687500 0.042969 0.050000
2 0.277344 0.641667 0.042188 0.055556
