0 0.258594 0.420139 0.162500 0.281944
0 0.542578 0.206250 0.155469 0.259722
0 0.819141 0.208333 0.149219 0.280556
0 0.528125 0.617361 0.153125 0.276389
0 0.814844 0.605556 0.159375 0.280556
1 0.537500 0.197222 0.109375 0.088889
1 0.821094 0.260417 0.109375 0.093056
1 0.522266 0.560417 0.111719 0.095833
1 0.814453 0.631250 0.110156 0.101389
1 0.254297 0.425694 0.111719 0.098611
2 0.219922 0.320139 0.044531 0.048611
2 0.565625 0.290278 0.040625 0.052778
2 0.796484 0.125000 0.038281 0.050000
2 0.544531 0.681250 0.042188 0.054167
2 0.801172 0.552083 0.036719 0.051389
