0 0.378906 0.210417 0.159375 0.262500
0 0.800781 0.188889 0.150000 0.263889
0 0.817969 0.627083 0.156250 0.279167
0 0.594141 0.431944 0.163281 0.277778
0 0.375000 0.646528 0.156250 0.268056
1 0.373828 0.202083 0.107031 0.093056
1 0.590625 0.434722 0.114063 0.102778
1 0.802734 0.240278 0.111719 0.091667
1 0.367578 0.591667 0.108594 0.094444
1 0.816797 0.644444 0.110156 0.094444
2 0.394141 0.292361 0.038281 0.051389
2 0.774219 0.109722 0.039063 0.050000
2 0.390625 0.711806 0.045313 0.051389
2 0.799219 0.570139 0.039063 0.051389
2 0.545313 0.334028 0.040625 0.051389
