0 0.353516 0.266667 0.253906 0.277778
0 0.612891 0.227083 0.221094 0.190278
0 0.873438 0.238889 0.253125 0.291667
0 0.667969 0.481250 0.232812 0.215278
0 0.395312 0.569444 0.232812 0.211111
1 0.369141 0.258333 0.111719 0.147222
1 0.569922 0.230556 0.078906 0.136111
1 0.877734 0.241667 0.107031 0.161111
1 0.716016 0.485417 0.082031 0.143056
1 0.389062 0.572222 0.087500 0.147222
2 0.322266 0.309028 0.050781 0.062500
2 0.662891 0.198611 0.042969 0.052778
2 0.786719 0.246528 0.046875 0.065278
2 0.602734 0.505556 0.042969 0.055556
2 0.459375 0.529167 0.045313 0.055556
