1 0.703516 0.546528 0.114844 0.181944
1 0.866406 0.230556 0.123438 0.158333
1 0.581641 0.167361 0.119531 0.148611
1 0.376953 0.236806 0.110156 0.159722
1 0.392188 0.528472 0.107813 0.165278
0 0.364062 0.233333 0.240625 0.258333
0 0.610937 0.206250 0.248437 0.306944
0 0.862891 0.223611 0.253906 0.302778
0 0.396094 0.534722 0.260938 0.277778
0 0.660156 0.515278 0.264062 0.302778
2 0.316797 0.233333 0.050781 0.061111
2 0.660937 0.238194 0.051562 0.070833
2 0.832812 0.330556 0.056250 0.077778
2 0.473828 0.538194 0.053906 0.070833
2 0.593359 0.495833 0.053906 0.069444
