2 0.501562 0.470833 0.045313 0.058333
2 0.646484 0.248611 0.046094 0.061111
2 0.538672 0.169444 0.047656 0.052778
2 0.364062 0.445833 0.043750 0.052778
2 0.200000 0.236806 0.042188 0.051389
0 0.240625 0.211111 0.226563 0.200000
0 0.491797 0.193750 0.214844 0.204167
0 0.731641 0.238889 0.225781 0.272222
0 0.566016 0.440278 0.227344 0.197222
0 0.297656 0.475000 0.217187 0.200000
1 0.256250 0.210417 0.079687 0.134722
1 0.446484 0.201389 0.080469 0.138889
1 0.290625 0.475000 0.076563 0.144444
1 0.612891 0.437500 0.082031 0.141667
1 0.736719 0.238194 0.096875 0.159722
