1 0.726563 0.587500 0.089062 0.147222
1 0.621484 0.304861 0.082031 0.143056
1 0.462891 0.164583 0.110156 0.154167
1 0.358594 0.382639 0.098438 0.165278
1 0.513281 0.615972 0.089062 0.148611
0 0.456641 0.161806 0.238281 0.276389
0 0.665625 0.297917 0.221875 0.209722
0 0.371484 0.384722 0.222656 0.255556
0 0.472266 0.631250 0.232031 0.201389
0 0.715234 0.591667 0.233594 0.211111
2 0.649609 0.656944 0.046094 0.061111
2 0.716406 0.274306 0.050000 0.062500
2 0.401953 0.152778 0.049219 0.061111
2 0.435937 0.379861 0.046875 0.062500
2 0.407031 0.663889 0.043750 0.055556
