2 0.650000 0.653472 0.043750 0.065278
2 0.712500 0.270833 0.043750 0.050000
2 0.400000 0.151389 0.053125 0.061111
2 0.417188 0.360417 0.051562 0.059722
2 0.409766 0.665278 0.044531 0.052778
0 0.448828 0.161806 0.250781 0.279167
0 0.362891 0.425000 0.269531 0.277778
0 0.667188 0.306250 0.226563 0.204167
0 0.721094 0.589583 0.243750 0.215278
0 0.469922 0.629861 0.227344 0.193056
1 0.363281 0.429861 0.109375 0.151389
1 0.462500 0.168750 0.109375 0.156944
1 0.621094 0.305556 0.085938 0.138889
1 0.726172 0.586111 0.088281 0.155556
1 0.512500 0.619444 0.092188 0.150000
