2 0.432813 0.181250 0.046875 0.059722
2 0.737891 0.178472 0.050781 0.068056
2 0.772656 0.652778 0.042188 0.058333
2 0.473828 0.618056 0.055469 0.066667
2 0.348828 0.350694 0.049219 0.056944
1 0.484375 0.146528 0.095312 0.148611
1 0.673047 0.267361 0.113281 0.151389
1 0.728906 0.551389 0.114063 0.100000
1 0.511719 0.481250 0.129688 0.148611
1 0.282422 0.398611 0.089844 0.138889
0 0.287109 0.397222 0.236719 0.227778
0 0.468750 0.148611 0.245312 0.255556
0 0.704297 0.234028 0.260156 0.304167
0 0.486328 0.535417 0.257031 0.343056
0 0.725781 0.560417 0.170312 0.281944
