0 0.285547 0.370139 0.153906 0.270833
0 0.491797 0.181944 0.167969 0.263889
0 0.675000 0.246528 0.164063 0.293056
0 0.508203 0.534028 0.172656 0.284722
0 0.724219 0.528472 0.260938 0.312500
1 0.280469 0.362500 0.109375 0.102778
1 0.491406 0.200694 0.112500 0.098611
1 0.679297 0.296528 0.119531 0.109722
1 0.497656 0.474306 0.115625 0.101389
1 0.728906 0.533333 0.123438 0.155556
2 0.469141 0.129861 0.041406 0.048611
2 0.675781 0.182639 0.042188 0.056944
2 0.297656 0.454167 0.043750 0.055556
2 0.535156 0.607639 0.043750 0.056944
2 0.689844 0.637500 0.056250 0.069444
