0 0.282813 0.370139 0.148438 0.273611
0 0.489062 0.209722 0.226563 0.308333
0 0.687500 0.269444 0.246875 0.325000
0 0.466797 0.543750 0.260156 0.287500
0 0.726953 0.541667 0.261719 0.333333
1 0.279297 0.362500 0.108594 0.094444
1 0.507031 0.515278 0.118750 0.155556
1 0.483594 0.218056 0.131250 0.125000
1 0.665234 0.311806 0.128906 0.145833
1 0.729297 0.531944 0.124219 0.155556
2 0.300000 0.454861 0.043750 0.054167
2 0.420703 0.606250 0.052344 0.065278
2 0.691406 0.636111 0.056250 0.069444
2 0.707031 0.208333 0.053125 0.063889
2 0.493750 0.146528 0.051562 0.059722
