2 0.421875 0.602083 0.053125 0.062500
2 0.298438 0.454167 0.042188 0.058333
2 0.564062 0.186111 0.043750 0.055556
2 0.754297 0.347222 0.044531 0.061111
2 0.645312 0.623611 0.054688 0.066667
1 0.279297 0.361806 0.111719 0.095833
1 0.505078 0.211111 0.078906 0.130556
1 0.508984 0.519444 0.117969 0.163889
1 0.661328 0.326389 0.097656 0.155556
1 0.735547 0.611806 0.107031 0.168056
0 0.286328 0.377083 0.161719 0.287500
0 0.524219 0.212500 0.220313 0.188889
0 0.466406 0.548611 0.259375 0.261111
0 0.733594 0.611111 0.257813 0.283333
0 0.700391 0.344444 0.249219 0.272222
