0 0.288281 0.348611 0.243750 0.319444
0 0.488281 0.244444 0.245312 0.244444
0 0.701563 0.347222 0.256250 0.247222
0 0.492578 0.531944 0.219531 0.202778
0 0.731641 0.609028 0.257031 0.284722
1 0.283594 0.340972 0.125000 0.143056
1 0.475391 0.237500 0.091406 0.158333
1 0.657031 0.338194 0.095312 0.154167
1 0.539063 0.530556 0.079687 0.141667
1 0.741406 0.617361 0.101563 0.162500
2 0.646484 0.622222 0.050781 0.069444
2 0.754687 0.347917 0.043750 0.056944
2 0.535937 0.230556 0.048437 0.055556
2 0.346484 0.391667 0.050781 0.063889
2 0.428516 0.563194 0.042969 0.056944
