0 0.262500 0.215972 0.210938 0.206944
0 0.491406 0.242361 0.242188 0.248611
0 0.698047 0.350000 0.255469 0.244444
0 0.492969 0.533333 0.218750 0.205556
0 0.726563 0.609028 0.268750 0.276389
1 0.256250 0.215278 0.082813 0.133333
1 0.475391 0.234028 0.097656 0.151389
1 0.659375 0.338194 0.095312 0.159722
1 0.538281 0.534722 0.079687 0.141667
1 0.736719 0.617361 0.110937 0.168056
2 0.428125 0.566667 0.042188 0.052778
2 0.645312 0.624306 0.050000 0.065278
2 0.751172 0.347917 0.041406 0.056944
2 0.535547 0.232639 0.044531 0.059722
2 0.330469 0.190972 0.040625 0.048611
