0 0.262891 0.218056 0.211719 0.186111
0 0.486328 0.250694 0.222656 0.204167
0 0.728125 0.204167 0.218750 0.202778
0 0.403125 0.477083 0.217187 0.201389
0 0.756641 0.459722 0.239844 0.211111
1 0.259375 0.221528 0.073437 0.134722
1 0.469531 0.245833 0.076563 0.136111
1 0.686719 0.204861 0.076563 0.140278
1 0.445703 0.469444 0.085156 0.144444
1 0.767187 0.456944 0.087500 0.141667
2 0.328516 0.188194 0.041406 0.045833
2 0.529297 0.231944 0.044531 0.055556
2 0.778906 0.186111 0.045313 0.047222
2 0.338672 0.509028 0.044531 0.056944
2 0.691016 0.521528 0.049219 0.059722
