0 0.801953 0.318056 0.188281 0.325000
0 0.598828 0.216667 0.244531 0.319444
0 0.379297 0.161111 0.239844 0.308333
0 0.376563 0.506250 0.237500 0.348611
0 0.570703 0.579861 0.224219 0.326389
1 0.381250 0.168056 0.123438 0.141667
1 0.590625 0.230556 0.134375 0.144444
1 0.808594 0.259028 0.123438 0.131944
1 0.566016 0.588889 0.130469 0.133333
1 0.353906 0.542361 0.131250 0.140278
2 0.401563 0.075000 0.051562 0.055556
2 0.614453 0.163194 0.058594 0.062500
2 0.797656 0.377778 0.045313 0.066667
2 0.493750 0.516667 0.054688 0.058333
2 0.390234 0.407639 0.052344 0.076389
