0 0.396094 0.281944 0.253125 0.266667
0 0.638281 0.188889 0.248437 0.236111
0 0.850781 0.490278 0.270312 0.297222
0 0.600391 0.433333 0.249219 0.238889
0 0.358984 0.542361 0.266406 0.270833
1 0.401563 0.282639 0.106250 0.154167
1 0.657812 0.181944 0.096875 0.155556
1 0.609375 0.429861 0.101563 0.154167
1 0.821484 0.465278 0.105469 0.177778
1 0.318750 0.563889 0.109375 0.163889
2 0.341016 0.343750 0.050781 0.062500
2 0.604688 0.220139 0.050000 0.065278
2 0.541016 0.510417 0.049219 0.065278
2 0.408984 0.474306 0.055469 0.070833
2 0.910547 0.507639 0.050781 0.068056
