0 0.435937 0.144444 0.215625 0.194444
0 0.682422 0.175000 0.225781 0.227778
0 0.385547 0.393750 0.219531 0.201389
0 0.609766 0.430556 0.221094 0.197222
0 0.857813 0.381944 0.217187 0.197222
1 0.432031 0.149306 0.079687 0.137500
1 0.702734 0.171528 0.085156 0.143056
1 0.428125 0.384028 0.087500 0.140278
1 0.616406 0.434028 0.079687 0.143056
1 0.814062 0.388194 0.078125 0.143056
2 0.502734 0.117361 0.041406 0.056944
2 0.642187 0.181944 0.043750 0.058333
2 0.907812 0.359028 0.045313 0.054167
2 0.535156 0.484722 0.045313 0.055556
2 0.321484 0.427083 0.041406 0.054167
