0 0.469531 0.338194 0.218750 0.198611
0 0.710156 0.419444 0.237500 0.213889
0 0.242969 0.422222 0.214062 0.194444
0 0.480859 0.618750 0.236719 0.220833
0 0.228516 0.627083 0.227344 0.218056
1 0.237500 0.429167 0.078125 0.147222
1 0.484766 0.336111 0.074219 0.144444
1 0.666406 0.429861 0.093750 0.145833
1 0.488281 0.615972 0.093750 0.148611
1 0.271094 0.624306 0.092188 0.145833
2 0.170312 0.677083 0.043750 0.059722
2 0.307813 0.390972 0.043750 0.056944
2 0.423828 0.357639 0.041406 0.051389
2 0.757422 0.383333 0.046094 0.052778
2 0.413672 0.682639 0.044531 0.059722
