0 0.235547 0.613889 0.244531 0.263889
0 0.336328 0.323611 0.200781 0.300000
0 0.551562 0.325694 0.165625 0.293056
0 0.754687 0.533333 0.178125 0.297222
0 0.489453 0.631944 0.255469 0.325000
1 0.335938 0.330556 0.123438 0.125000
1 0.546875 0.351389 0.118750 0.111111
1 0.274609 0.587500 0.114844 0.150000
1 0.487109 0.633333 0.128906 0.150000
1 0.756250 0.592361 0.114063 0.120833
2 0.338672 0.236111 0.042969 0.058333
2 0.537500 0.272222 0.046875 0.063889
2 0.748047 0.470833 0.046094 0.055556
2 0.403516 0.592361 0.052344 0.065278
2 0.194141 0.679861 0.049219 0.062500
