0 0.619531 0.239583 0.162500 0.273611
0 0.377344 0.285417 0.246875 0.231944
0 0.740234 0.539583 0.157031 0.281944
0 0.536719 0.584028 0.159375 0.276389
0 0.317969 0.553472 0.242188 0.226389
1 0.379297 0.275000 0.100781 0.152778
1 0.619531 0.257639 0.112500 0.098611
1 0.741797 0.488194 0.111719 0.104167
1 0.540625 0.581250 0.112500 0.104167
1 0.355859 0.541667 0.097656 0.150000
2 0.314453 0.330556 0.046094 0.063889
2 0.599609 0.187500 0.039844 0.055556
2 0.255859 0.604861 0.047656 0.059722
2 0.580859 0.684722 0.042969 0.058333
2 0.757813 0.607639 0.040625 0.054167
