0 0.284375 0.217361 0.151562 0.268056
0 0.452344 0.220833 0.168750 0.272222
0 0.621484 0.240972 0.161719 0.262500
0 0.772266 0.238194 0.161719 0.270833
0 0.521484 0.518750 0.174219 0.290278
1 0.283203 0.269444 0.105469 0.097222
1 0.455078 0.223611 0.114844 0.100000
1 0.618750 0.258333 0.112500 0.094444
1 0.763672 0.179861 0.113281 0.093056
1 0.522656 0.509722 0.120312 0.105556
2 0.260938 0.138194 0.042188 0.051389
2 0.438672 0.133333 0.042969 0.052778
2 0.598828 0.186806 0.042969 0.054167
2 0.791016 0.292361 0.041406 0.054167
2 0.556641 0.618750 0.044531 0.056944
