0 0.282813 0.219444 0.154687 0.269444
0 0.454688 0.221528 0.168750 0.276389
0 0.708203 0.234028 0.160156 0.279167
0 0.519531 0.518750 0.181250 0.293056
0 0.771875 0.570139 0.184375 0.295833
1 0.283203 0.271528 0.107031 0.101389
1 0.457422 0.224306 0.111719 0.101389
1 0.710156 0.254861 0.112500 0.101389
1 0.523438 0.511806 0.115625 0.106944
1 0.760938 0.515972 0.117188 0.101389
2 0.260938 0.140278 0.042188 0.052778
2 0.439453 0.132639 0.042969 0.054167
2 0.699609 0.184028 0.039844 0.054167
2 0.557422 0.622222 0.044531 0.061111
2 0.798047 0.628472 0.042969 0.062500
