0 0.304688 0.231944 0.215625 0.213889
0 0.575391 0.214583 0.216406 0.190278
0 0.581641 0.440972 0.247656 0.223611
0 0.351953 0.596528 0.225781 0.218056
0 0.602734 0.700694 0.228906 0.215278
1 0.346094 0.230556 0.087500 0.141667
1 0.571094 0.213889 0.076563 0.133333
1 0.598047 0.431250 0.091406 0.151389
1 0.358984 0.597917 0.082031 0.145833
1 0.557422 0.699306 0.075781 0.140278
2 0.241406 0.272917 0.039063 0.054167
2 0.644531 0.184028 0.040625 0.048611
2 0.277734 0.640972 0.044531 0.059722
2 0.540234 0.467361 0.046094 0.059722
2 0.653516 0.687500 0.042969 0.058333
